%YAML:1.0
R: !!opencv-matrix
   rows: 3
   cols: 3
   dt: d
   data: [ 9.9908636211247726e-001, 2.9715240254635338e-003,
       -4.2633450315710246e-002, -2.3436074095554062e-003,
       9.9988816085195198e-001, 1.4770690315991543e-002,
       4.2672573688095232e-002, -1.4657279183639177e-002,
       9.9898158923063585e-001 ]
T: !!opencv-matrix
   rows: 3
   cols: 1
   dt: d
   data: [ -6.3296480217311448e+001, 1.5682999578482191e+000,
       -1.0956775782992556e+000 ]
Rl: !!opencv-matrix
   rows: 3
   cols: 3
   dt: d
   data: [ 9.9942669521905869e-001, -2.2046406574020946e-002,
       -2.5695074249430631e-002, 2.2228451253474290e-002,
       9.9972964969888389e-001, 6.8208113754143519e-003,
       2.5537753197622998e-002, -7.3880626770508016e-003,
       9.9964655738490749e-001 ]
Rr: !!opencv-matrix
   rows: 3
   cols: 3
   dt: d
   data: [ 9.9954353936906659e-001, -2.4765738715299784e-002,
       1.7302343524640690e-002, 2.4888068448390071e-002,
       9.9966649411605257e-001, -6.8909063720583490e-003,
       -1.7125914704547156e-002, 7.3183828545468699e-003,
       9.9982655711774671e-001 ]
Pl: !!opencv-matrix
   rows: 3
   cols: 4
   dt: d
   data: [ 8.0145929594721918e+002, 0., 2.9255183410644531e+002, 0., 0.,
       8.0145929594721918e+002, 2.2242788887023926e+002, 0., 0., 0., 1.,
       0. ]
Pr: !!opencv-matrix
   rows: 3
   cols: 4
   dt: d
   data: [ 8.0145929594721918e+002, 0., 2.9255183410644531e+002,
       -5.0752719089080507e+004, 0., 8.0145929594721918e+002,
       2.2242788887023926e+002, 0., 0., 0., 1., 0. ]
Q: !!opencv-matrix
   rows: 4
   cols: 4
   dt: d
   data: [ 1., 0., 0., -2.9255183410644531e+002, 0., 1., 0.,
       -2.2242788887023926e+002, 0., 0., 0., 8.0145929594721918e+002, 0.,
       0., 1.5791455321645099e-002, 0. ]
