%YAML:1.0
R: !!opencv-matrix
   rows: 3
   cols: 3
   dt: d
   data: [ 9.9832985633976801e-001, 2.3071241634947198e-002,
       -5.2964287496765822e-002, -2.2919132451068837e-002,
       9.9973127379343163e-001, 3.4775806321457325e-003,
       5.3030286707772462e-002, -2.2578770525851334e-003,
       9.9859035178741185e-001 ]
T: !!opencv-matrix
   rows: 3
   cols: 1
   dt: d
   data: [ -6.3339206430861665e+001, 9.3502291066913587e-002,
       -4.9356005054056284e+000 ]
Rl: !!opencv-matrix
   rows: 3
   cols: 3
   dt: d
   data: [ 9.9946509486966273e-001, 2.1354723546383098e-002,
       2.4768930526642599e-002, -2.1400773217898524e-002,
       9.9976970403659793e-001, 1.5955551539770776e-003,
       -2.4729153702708340e-002, -2.1247759483900607e-003,
       9.9969192968850007e-001 ]
Rr: !!opencv-matrix
   rows: 3
   cols: 3
   dt: d
   data: [ 9.9697665580742856e-001, -1.4717519639274054e-003,
       7.7687719243087774e-002, 1.6163901270513223e-003,
       9.9999707554422745e-001, -1.7989402296210717e-003,
       -7.7684844454972854e-002, 1.9190750765027071e-003,
       9.9697611911863637e-001 ]
Pl: !!opencv-matrix
   rows: 3
   cols: 4
   dt: d
   data: [ 8.1005170881397407e+002, 0., 2.3901580429077148e+002, 0., 0.,
       8.1005170881397407e+002, 2.2894567871093750e+002, 0., 0., 0., 1.,
       0. ]
Pr: !!opencv-matrix
   rows: 3
   cols: 4
   dt: d
   data: [ 8.1005170881397407e+002, 0., 2.3901580429077148e+002,
       -5.1463624654969834e+004, 0., 8.1005170881397407e+002,
       2.2894567871093750e+002, 0., 0., 0., 1., 0. ]
Q: !!opencv-matrix
   rows: 4
   cols: 4
   dt: d
   data: [ 1., 0., 0., -2.3901580429077148e+002, 0., 1., 0.,
       -2.2894567871093750e+002, 0., 0., 0., 8.1005170881397407e+002, 0.,
       0., 1.5740277025663166e-002, 0. ]
