%YAML:1.0
R: !!opencv-matrix
   rows: 3
   cols: 3
   dt: d
   data: [ 9.9859869353081809e-001, 4.7946030954161053e-003,
       -5.2703520372938031e-002, -1.8829457405072727e-003,
       9.9847589714131779e-001, 5.5157387022762704e-002,
       5.2887652565429419e-002, -5.4980856750308581e-002,
       9.9708575438480740e-001 ]
T: !!opencv-matrix
   rows: 3
   cols: 1
   dt: d
   data: [ -7.3471206999699731e+001, -7.9609596382304971e+001,
       1.7134443799845329e+002 ]
Rl: !!opencv-matrix
   rows: 3
   cols: 3
   dt: d
   data: [ 9.2412670269689190e-001, -3.4300764282483881e-001,
       1.6833179832200137e-001, 3.1648062008563765e-001,
       4.4032179890757006e-001, -8.4021231276208508e-001,
       2.1407908462243921e-001, 8.2973638607123246e-001,
       5.1546840364533431e-001 ]
Rr: !!opencv-matrix
   rows: 3
   cols: 3
   dt: d
   data: [ 9.1231545410174286e-001, -3.3494020218610759e-001,
       2.3557498416992603e-001, 3.6243044874861191e-001,
       3.9271087164326313e-001, -8.4523508038478179e-001,
       1.9059035134815022e-001, 8.5650057341061836e-001,
       4.7966872497617646e-001 ]
Pl: !!opencv-matrix
   rows: 3
   cols: 4
   dt: d
   data: [ 7.3754482762055386e+002, 0., 4.4204416275024414e+001, 0., 0.,
       7.3754482762055386e+002, 2.2506601104736328e+003, 0., 0., 0., 1.,
       0. ]
Pr: !!opencv-matrix
   rows: 3
   cols: 4
   dt: d
   data: [ 7.3754482762055386e+002, 0., 4.4204416275024414e+001, 0., 0.,
       7.3754482762055386e+002, 2.2506601104736328e+003,
       -1.4951367604120239e+005, 0., 0., 1., 0. ]
Q: !!opencv-matrix
   rows: 4
   cols: 4
   dt: d
   data: [ 1., 0., 0., -4.4204416275024414e+001, 0., 1., 0.,
       -2.2506601104736328e+003, 0., 0., 0., 7.3754482762055386e+002, 0.,
       0., 4.9329589583317060e-003, 0. ]
