%YAML:1.0
R: !!opencv-matrix
   rows: 3
   cols: 3
   dt: d
   data: [ 9.9840016111587104e-001, 1.7950368230958354e-002,
       -5.3618117872373180e-002, -1.8199626156104574e-002,
       9.9982570182976338e-001, -4.1640807387951688e-003,
       5.3534025549931682e-002, 5.1332485809837533e-003,
       9.9855283178579246e-001 ]
T: !!opencv-matrix
   rows: 3
   cols: 1
   dt: d
   data: [ -6.3782635002329116e+001, 3.1584203252156734e-001,
       -3.1368217189714070e-001 ]
Rl: !!opencv-matrix
   rows: 3
   cols: 3
   dt: d
   data: [ 9.9872924011280240e-001, 1.3024309527999881e-002,
       -4.8685442434294832e-002, -1.3139681586536247e-002,
       9.9991156832757344e-001, -2.0504371476982143e-003,
       4.8654431571118220e-002, 2.6875427459059991e-003,
       9.9881205609588053e-001 ]
Rr: !!opencv-matrix
   rows: 3
   cols: 3
   dt: d
   data: [ 9.9997564718284571e-001, -4.9517292734420461e-003,
       4.9178672665549546e-003, 4.9400612175407371e-003,
       9.9998496104933354e-001, 2.3819047692221961e-003,
       -4.9295878545640610e-003, -2.3575521977743262e-003,
       9.9998507044416374e-001 ]
Pl: !!opencv-matrix
   rows: 3
   cols: 4
   dt: d
   data: [ 8.1058040590006931e+002, 0., 3.3742172622680664e+002, 0., 0.,
       8.1058040590006931e+002, 2.3448560142517090e+002, 0., 0., 0., 1.,
       0. ]
Pr: !!opencv-matrix
   rows: 3
   cols: 4
   dt: d
   data: [ 8.1058040590006931e+002, 0., 3.3742172622680664e+002,
       -5.1702213264110003e+004, 0., 8.1058040590006931e+002,
       2.3448560142517090e+002, 0., 0., 0., 1., 0. ]
Q: !!opencv-matrix
   rows: 4
   cols: 4
   dt: d
   data: [ 1., 0., 0., -3.3742172622680664e+002, 0., 1., 0.,
       -2.3448560142517090e+002, 0., 0., 0., 8.1058040590006931e+002, 0.,
       0., 1.5677866666159685e-002, 0. ]
