%YAML:1.0
cameraMatrixL: !!opencv-matrix
   rows: 3
   cols: 3
   dt: d
   data: [ 8.1365750154846637e+002, 0., 3.1351043538119995e+002, 0.,
       8.1373315615385570e+002, 2.3789168684557671e+002, 0., 0., 1. ]
cameraDistcoeffL: !!opencv-matrix
   rows: 5
   cols: 1
   dt: d
   data: [ 4.8111985619045977e-002, -3.5978965794418460e-001,
       -1.2647821524004936e-003, -1.0704775401263126e-003,
       2.8663158800608579e-001 ]
cameraMatrixR: !!opencv-matrix
   rows: 3
   cols: 3
   dt: d
   data: [ 8.1029660659903834e+002, 0., 3.1726463300166819e+002, 0.,
       8.1058040590006931e+002, 2.3121807901068243e+002, 0., 0., 1. ]
cameraDistcoeffR: !!opencv-matrix
   rows: 5
   cols: 1
   dt: d
   data: [ 6.8332937063554908e-002, -1.9770378003636499e-001,
       2.8927537604115298e-003, 7.4739244762929580e-003,
       -1.1602252623086740e+000 ]
