%YAML:1.0
cameraMatrixL: !!opencv-matrix
   rows: 3
   cols: 3
   dt: d
   data: [ 8.2186237056739890e+002, 0., 2.8565713389578525e+002, 0.,
       8.1986991477003687e+002, 2.2680098361198588e+002, 0., 0., 1. ]
cameraDistcoeffL: !!opencv-matrix
   rows: 5
   cols: 1
   dt: d
   data: [ 1.2683844937606195e-001, -5.9387086499570707e-001,
       -5.1267437842098893e-003, -1.7804395025901497e-002,
       1.2640747796493312e+000 ]
cameraMatrixR: !!opencv-matrix
   rows: 3
   cols: 3
   dt: d
   data: [ 8.0974274434079814e+002, 0., 2.9839840038437092e+002, 0.,
       8.1005170881397407e+002, 2.3044959896185040e+002, 0., 0., 1. ]
cameraDistcoeffR: !!opencv-matrix
   rows: 5
   cols: 1
   dt: d
   data: [ 1.0997896527320564e-001, -3.3696580083305222e-001,
       4.4388628374537895e-003, 1.0293983366331339e-003,
       -1.5147501249823641e+000 ]
