%YAML:1.0
cameraMatrixL: !!opencv-matrix
   rows: 3
   cols: 3
   dt: d
   data: [ 8.0765118152428431e+002, 0., 2.8893831406183915e+002, 0.,
       8.0685180934964035e+002, 2.2861878296960722e+002, 0., 0., 1. ]
cameraDistcoeffL: !!opencv-matrix
   rows: 5
   cols: 1
   dt: d
   data: [ -5.7864089059335962e-003, 4.6922190974848921e-001,
       -4.9816131774115145e-003, -1.1567314687311623e-002,
       -3.0361726038978030e+000 ]
cameraMatrixR: !!opencv-matrix
   rows: 3
   cols: 3
   dt: d
   data: [ 8.0012720239115856e+002, 0., 2.9350016806193992e+002, 0.,
       8.0145929594721918e+002, 2.1733980405708874e+002, 0., 0., 1. ]
cameraDistcoeffR: !!opencv-matrix
   rows: 5
   cols: 1
   dt: d
   data: [ 1.3069171796002346e-001, -2.4879112664196410e+000,
       -2.3819226677008441e-003, -4.8135672373703139e-003,
       1.5805516466240325e+001 ]
