%YAML:1.0
cameraMatrixL: !!opencv-matrix
   rows: 3
   cols: 3
   dt: d
   data: [ 7.3754482762055386e+002, 0., 3.0643333721612726e+002, 0.,
       7.3124947288528574e+002, 1.7756140843794407e+002, 0., 0., 1. ]
cameraDistcoeffL: !!opencv-matrix
   rows: 5
   cols: 1
   dt: d
   data: [ 1.4796930642480305e-001, -1.5899068060169352e+000,
       3.6587926615204687e-003, -5.9064853665525543e-003,
       5.3562151672618645e+000 ]
cameraMatrixR: !!opencv-matrix
   rows: 3
   cols: 3
   dt: d
   data: [ 9.6421250221254240e+002, 0., 3.2928184823610837e+002, 0.,
       9.6981655778173570e+002, 2.4679342272168563e+002, 0., 0., 1. ]
cameraDistcoeffR: !!opencv-matrix
   rows: 5
   cols: 1
   dt: d
   data: [ 4.1429005711156951e-002, 2.2145018895857684e+000,
       3.6401200780250007e-003, 5.0162073086272513e-003,
       -3.4608705488461780e+001 ]
